6613	46.79630422	19.04364769	97.370
6614	46.79325472	19.04837649	97.020
6615	46.78963826	19.05337974	96.900
6616	46.78630947	19.05809425	96.730
6617	46.78380818	19.06227146	96.810
6618	46.78074877	19.06782309	96.290
6619	46.77797724	19.07198620	96.450
6620	46.77435974	19.07698644	96.620
6621	46.77103021	19.08087329	96.250
6622	46.76824930	19.08476003	96.240
6623	46.76491890	19.09032166	96.540
6624	46.76214632	19.09504528	96.850
6625	46.75936468	19.09949351	97.100
6626	46.75575496	19.10449018	96.740
6627	46.75242390	19.10948649	95.740
6628	46.75130528	19.11504769	95.290
6629	46.75019541	19.12059558	94.950
6630	46.74825762	19.12615513	94.750
6631	46.74658944	19.13171471	94.650
6632	46.74519965	19.13754921	94.550
6633	46.74297340	19.14281923	94.790
6634	46.74075393	19.15032647	94.890
6635	46.73964259	19.15559775	94.870
6636	46.73575069	19.16143872	95.140
6637	46.73214081	19.16393008	94.860
6638	46.72880917	19.16698428	94.590
6639	46.72603309	19.17198857	94.550
6640	46.72130653	19.17532642	94.770
6641	46.71825123	19.18031582	94.730
6642	46.71463993	19.18365526	94.710
6643	46.70992102	19.18781532	94.720
6645	46.69992096	19.19920448	95.510
6646	46.69492296	19.20309974	95.340
6647	46.69131060	19.20671074	94.850
6648	46.69436297	19.21115191	94.520
6649	46.69853550	19.21226286	94.730
6650	46.70242468	19.21643295	94.760
6651	46.70353099	19.22254316	94.680
6652	46.70464463	19.22949056	95.480
6653	46.70519965	19.23671091	95.470
6654	46.70658374	19.24282286	95.930
6655	46.70741727	19.24977003	95.910
6656	46.70825040	19.25670434	96.300
6657	46.70908413	19.26310267	96.750
6658	46.71186281	19.26837135	97.480
6659	46.71186716	19.27531611	97.790
6660	46.71242537	19.28393736	98.150
6661	46.71186984	19.29142897	98.910
6662	46.70936653	19.29671426	99.890
6663	46.70741952	19.30253785	100.040
6664	46.70742178	19.30948204	100.350
6665	46.70742030	19.31782550	102.370
6666	46.70880703	19.32476373	103.330
6667	46.71242571	19.33115168	103.050
6668	46.71686407	19.32615235	102.230
6669	46.72103098	19.32171330	101.160
6670	46.72547792	19.31671243	99.940
6671	46.73075934	19.31253907	99.200
6672	46.73575660	19.31060095	99.030
6673	46.74130906	19.30976437	98.250
6674	46.74520355	19.30615828	98.360
6675	46.75186373	19.30476358	98.810
6676	46.75575278	19.29948096	97.580
6677	46.76019629	19.29560079	97.350
6678	46.76159006	19.29170616	97.070
6679	46.76881248	19.28809915	96.990
6680	46.77325389	19.28504198	96.690
6681	46.77825240	19.28226171	96.980
6682	46.78380743	19.28004645	97.320
6683	46.78798152	19.27559832	96.160
6684	46.79131090	19.27059588	95.280
6685	46.79631276	19.26587467	95.600
6686	46.80019634	19.26253676	95.260
6687	46.80463959	19.25810006	95.330
6688	46.80936552	19.25642831	95.410
6689	46.81381404	19.25392969	95.150
6690	46.81686815	19.25142537	95.450
6691	46.62463965	19.27643733	99.210
6692	46.62881419	19.27171479	98.270
6693	46.63214239	19.26726232	98.190
6694	46.63575722	19.26337203	97.650
6695	46.63908608	19.25838299	97.510
6696	46.64325786	19.25476803	97.210
6697	46.64686425	19.25032743	96.490
6698	46.65075737	19.24643597	96.510
6699	46.65464136	19.24254391	96.250
6700	46.65853468	19.23837694	95.860
6701	46.66214760	19.23504466	95.680
6702	46.66547255	19.23171095	95.340
6703	46.66853651	19.22837596	95.100
6704	46.67297849	19.22393424	94.820
6705	46.67686943	19.22087545	94.870
6706	46.68075296	19.21670517	94.770
6707	46.68436682	19.21227202	94.790
6708	46.68770048	19.20866103	94.660
6709	46.70186557	19.20476729	94.220
6710	46.70630958	19.20476712	93.220
6711	46.71130905	19.20642953	94.110
6712	46.71575033	19.20837834	94.080
6713	46.72075676	19.21142796	94.460
6714	46.72631305	19.21365567	94.600
6715	46.73131318	19.21477003	94.100
6716	46.73631373	19.21559674	94.270
6717	46.73991988	19.21643233	94.230
6718	46.74519763	19.21837256	94.420
6719	46.74963996	19.21948598	93.950
6720	46.75297452	19.22143370	94.680
6721	46.75686636	19.22365836	94.740
6722	46.76186468	19.22587390	94.650
6723	46.76547756	19.22809832	94.840
6724	46.76909130	19.22976006	96.800
6725	46.77408992	19.23171480	94.600
6726	46.77825190	19.23365392	95.070
6727	46.78242237	19.23588149	95.200
6729	46.79131244	19.24003836	94.930
6730	46.79603296	19.24143061	95.110
6731	46.79991827	19.24198167	95.370
6732	46.80437031	19.24253486	96.060
6733	46.80825512	19.24337433	94.460
6734	46.81241832	19.24449011	94.920
6735	46.81631165	19.24559196	95.350
6736	46.79547292	19.13226199	95.250
6737	46.79186070	19.12642773	95.000
6738	46.78714150	19.12088090	94.950
6739	46.78241952	19.11948639	94.340
6740	46.77769769	19.11781714	94.530
6741	46.77325437	19.11671155	94.220
6742	46.76853218	19.11559271	94.470
6743	46.76353125	19.11421190	94.430
6744	46.75825127	19.11309281	94.680
6747	46.74714354	19.08865886	96.310
6748	46.74492337	19.08309540	95.970
6749	46.74214466	19.07948190	96.180
6750	46.73936629	19.07393216	96.110
6751	46.73686637	19.06920742	95.950
6752	46.73436634	19.06393360	95.370
6753	46.73186610	19.05809768	95.900
6754	46.72936553	19.05337434	95.800
6755	46.72630701	19.04837672	96.330
6756	46.72102633	19.04504114	95.370
6757	46.71603355	19.04421745	94.770
6758	46.71297481	19.04170657	95.550
6759	46.71241632	19.03393790	95.780
6760	46.70936613	19.03004150	94.080
6761	46.68908696	19.01921096	97.860
6762	46.68547882	19.01642857	98.080
6763	46.68130430	19.01504552	97.810
6764	46.67797537	19.01366214	97.780
6765	46.67380963	19.01171752	97.830
6766	46.66824956	19.01004863	97.810
6767	46.66269877	19.00921634	97.720
6768	46.65797598	19.00949417	97.610
6769	46.65353118	19.00726339	94.430
6770	46.64964310	19.00255047	94.330
6771	46.81992024	19.25003468	95.030
6772	46.82187037	19.25614913	95.360
6773	46.82353439	19.26114888	95.160
6774	46.82519658	19.26698774	95.190
6775	46.82714744	19.27226458	95.400
6776	46.82880909	19.27809107	95.520
6777	46.82464563	19.28170365	96.000
6778	46.82047651	19.28365130	95.970
6781	46.80908872	19.29171174	98.530
6782	46.80548017	19.29642501	97.780
6783	46.80186363	19.30060048	98.290
6784	46.79853205	19.30198651	99.000
6785	46.79492432	19.30614801	98.510
6786	46.79158695	19.31003521	98.270
6787	46.78964759	19.31615543	98.180
6788	46.78686405	19.31392818	103.240
6789	46.78353490	19.31032340	103.650
6790	46.77964410	19.30837945	102.900
6791	46.77742441	19.30337967	102.360
6792	46.77631102	19.29837235	109.710
6793	46.77353066	19.29864748	102.870
6794	46.77298077	19.29504421	105.610
6795	46.77214410	19.29087670	101.190
6796	46.79019915	19.32253677	98.320
6797	46.79214114	19.32671191	98.710
6798	46.79603436	19.32754423	98.710
6799	46.80047632	19.32837953	98.370
6800	46.78853037	19.32809461	98.480
6801	46.78408641	19.33171222	98.500
6802	46.78019739	19.33281791	98.540
6803	46.77603427	19.33559804	98.160
6804	46.77214448	19.33699133	98.540
6805	46.76880778	19.33309803	98.070
6806	46.76631036	19.33171015	98.120
6807	46.76325517	19.33031947	98.660
6808	46.76159218	19.32614789	101.820
6809	46.76353339	19.31948140	99.450
6810	46.76186294	19.31448538	98.490
6811	46.75742215	19.31310207	98.940
6812	46.75325188	19.31143235	98.530
6813	46.79603414	19.00254287	97.960
6814	46.79186037	19.00337162	95.660
6815	46.78713785	19.00421380	95.220
6816	46.78241542	19.00531774	95.670
6817	46.77797164	19.00587129	98.580
6818	46.77324930	19.00726296	98.350
6819	46.76908438	19.00781605	98.600
6820	46.76491966	19.00893198	98.560
6821	46.76047615	19.01032284	98.640
6822	46.75631075	19.00948809	98.370
6823	46.75158750	19.00837903	98.410
6824	46.74714408	19.01004442	98.280
6825	46.74214280	19.01143511	98.190
6826	46.73769907	19.01226253	98.300
6827	46.73380418	19.01337729	98.140
6828	46.72853354	19.01671680	98.180
6829	46.72408993	19.01810608	98.130
6830	46.71963771	19.02115634	97.940
6831	46.71547265	19.02143314	97.780
6832	46.71158626	19.02087272	97.940
6833	46.70714192	19.01948881	97.920
6834	46.70297693	19.02004027	97.670
6835	46.69825432	19.02115417	97.970
6836	46.69435927	19.02199291	98.010
6837	46.70936442	19.28504867	98.090
6838	46.70575669	19.28949210	98.980
6839	46.70158740	19.29143483	99.330
6840	46.69741809	19.29337727	100.560
6841	46.69436777	19.29782174	100.280
6842	46.69048127	19.30198722	101.660
6843	46.68659210	19.30726325	101.920
6844	46.68297704	19.31060526	103.650
6845	46.67909139	19.31420690	103.010
6846	46.67492538	19.31838169	105.330
6847	46.67075790	19.32310470	104.250
6848	46.66714240	19.32643160	103.740
6849	46.72075904	19.27337843	97.220
6850	46.72130735	19.27810293	97.580
6851	46.72131227	19.28448643	97.910
6852	46.72214267	19.29171085	97.850
6853	46.72464175	19.29670629	98.840
6854	46.72742132	19.30087933	98.040
6855	46.73019635	19.30698908	97.310
6856	46.71575451	19.27477009	97.690
6857	46.72575183	19.27337315	97.060
6858	46.73047690	19.27226776	96.680
6859	46.73492255	19.27143580	96.160
6860	46.73964709	19.27059176	96.180
6861	46.74408426	19.26948466	96.140
6862	46.74658486	19.27420628	95.300
6863	46.74742491	19.28143398	95.610
6864	46.74797839	19.28782303	96.270
6865	46.74853332	19.29337462	97.340
6866	46.75241769	19.29837904	97.860
6867	46.71297757	19.34059756	102.210
6868	46.71658856	19.34614993	99.930
6869	46.71964446	19.35060115	99.920
6870	46.72352935	19.35448202	100.660
6871	46.72937064	19.35004092	98.880
6872	46.73242008	19.34670861	98.210
6873	46.72770273	19.35476743	101.050
6874	46.73075386	19.35754538	99.530
6875	46.73131206	19.36393328	100.000
6876	46.73297484	19.37087745	100.850
6877	46.73575172	19.37504189	101.100
6878	46.73909115	19.38059726	102.220
6879	46.78631365	19.36392897	100.280
6880	46.78159304	19.36310240	98.990
6881	46.77825504	19.35670567	98.250
6882	46.77631411	19.35254362	97.590
6883	46.77241968	19.27948672	95.680
6884	46.77075921	19.27310331	95.430
6885	46.76936829	19.26670830	95.940
6886	46.76797492	19.26142646	95.220
6887	46.76686169	19.25532118	94.800
6888	46.76492051	19.24921306	95.110
6889	46.76381467	19.24365824	94.150
6890	46.76158502	19.23753679	94.070
6891	46.76380576	19.23281866	94.120
6892	46.64575016	19.00865398	93.100
6893	46.64853173	19.01421682	92.720
6894	46.65130382	19.01893110	93.970
6895	46.65297867	19.02588035	95.940
6896	46.65408611	19.03115795	95.160
6897	46.65547234	19.03810800	94.990
6898	46.65630934	19.04366048	95.150
6899	46.65991673	19.04366015	93.070
6900	46.66269659	19.04921320	93.020
6901	46.66353300	19.05560288	93.800
6902	46.66463896	19.06171841	94.040
6903	46.66659035	19.06698511	95.300
6904	46.66741688	19.07282668	94.880
6905	46.66714530	19.07976549	94.990
6906	46.66881253	19.06587509	92.780
6907	46.66602691	19.08893817	92.640
6908	46.66269685	19.09310391	92.570
6909	46.67297238	19.08727054	93.720
6910	46.67464360	19.09282628	94.470
6911	46.67603531	19.09920550	95.040
6912	46.67769667	19.10532394	93.450
6913	46.67964480	19.11282859	93.950
6914	46.68102672	19.11865994	95.060
6915	46.68269696	19.12338091	94.730
6916	46.67741778	19.12115164	94.270
6917	46.67297516	19.11893697	95.760
6918	46.66936897	19.11698508	95.720
6919	46.66519599	19.11504583	94.060
6920	46.66047423	19.11310622	94.170
6921	46.65686839	19.11031901	94.580
6922	46.65575659	19.10310590	92.310
6923	46.65325305	19.10838134	94.720
6924	46.64853131	19.10615536	94.960
6925	46.64464656	19.10310770	95.200
6926	46.64075335	19.09866292	94.780
6927	46.63686874	19.09476733	95.120
6928	46.65047858	19.11504071	94.250
6929	46.64769472	19.12171245	94.230
6930	46.64575764	19.12615106	94.130
6931	46.64297435	19.13116279	93.460
6932	46.63908707	19.13254128	93.440
6933	46.63492274	19.13143775	93.300
6934	46.68631148	19.12615728	94.220
6935	46.69047623	19.12671237	94.630
6936	46.69909000	19.13281804	93.670
6937	46.70297645	19.13254953	93.330
6939	46.69603007	19.12171282	95.430
6940	46.69797697	19.11559629	95.780
6941	46.70074933	19.11282767	96.280
6942	46.69991557	19.10754411	95.100
6943	46.69825471	19.10059933	94.790
6944	46.69686229	19.09615252	95.330
6945	46.69574958	19.08893433	94.080
6946	46.69547255	19.08337744	95.680
6947	46.69547446	19.07643484	93.270
6948	46.69686117	19.07031651	94.140
6950	46.69769933	19.05976524	93.480
6951	46.69769977	19.05365916	94.280
6952	46.69797875	19.04754001	94.390
6953	46.69602631	19.04004824	95.860
6954	46.69491915	19.03365502	94.920
6955	46.69297540	19.02948497	96.240
6956	46.68963781	19.02893708	95.150
6957	46.68797416	19.03282029	94.450
6958	46.68575266	19.03699097	96.170
6959	46.68130879	19.03837747	94.250
6960	46.67908719	19.04531837	94.460
6961	46.67852948	19.05004990	94.670
6962	46.67908693	19.05699040	93.250
6963	46.67797088	19.06254510	94.430
6964	46.67770018	19.06809989	93.960
6965	46.67630459	19.07421610	94.130
6966	46.67297506	19.07838355	92.660
6967	46.72075648	19.05114985	95.250
6968	46.71853422	19.05670882	95.780
6969	46.71631165	19.06254200	96.260
6970	46.71408888	19.06782537	95.640
6971	46.71214467	19.07338309	95.690
6972	46.70964245	19.07892701	95.460
6973	46.70769788	19.08393461	95.700
6974	46.70547401	19.08949087	95.880
6975	46.70852969	19.09698674	95.970
6976	46.70992156	19.10254618	95.880
6977	46.71131301	19.10838055	95.580
6978	46.71241613	19.11448953	95.880
6979	46.71352827	19.12004945	96.160
6980	46.71075371	19.09199284	95.490
6981	46.71547669	19.09170891	94.260
6982	46.71880621	19.08893857	96.000
6983	46.72269378	19.08504330	94.700
6984	46.72659005	19.08171000	94.940
6985	46.72908963	19.08587185	95.280
6987	46.73547510	19.09059972	95.580
6988	46.73880488	19.08699083	96.040
6989	46.71603527	19.25976895	96.290
6990	46.71964084	19.25587205	95.780
6991	46.72352811	19.25031435	94.900
6992	46.72631372	19.24698887	94.400
6993	46.73047754	19.24254290	94.380
6994	46.73492439	19.24087109	94.500
6995	46.73936127	19.23976164	94.310
6996	46.74408601	19.23865302	94.180
6997	46.74853047	19.23838082	94.350
6998	46.75242434	19.23920606	94.230
6999	46.75658947	19.23920775	94.470
7000	46.71436777	19.19282308	93.910
7001	46.71853360	19.19227181	93.900
7002	46.72269769	19.19309398	93.860
7003	46.72770155	19.19143289	93.970
7004	46.73158363	19.18754436	94.140
7005	46.73519504	19.18420414	93.810
7006	46.73880698	19.18032697	93.630
7007	46.74297404	19.17864908	95.150
7008	46.74797610	19.17837327	95.050
7009	46.75131296	19.17893104	94.640
7010	46.75519761	19.18031482	94.590
7011	46.75964160	19.18032572	95.890
7012	46.76436415	19.18059913	94.960
7013	46.76825807	19.18921035	93.740
7014	46.77047270	19.19504247	94.020
7015	46.76853501	19.18337188	94.530
7016	46.77214705	19.18698159	94.710
7017	46.77547246	19.18949113	94.070
7018	46.78186754	19.19031984	94.420
7019	46.78353516	19.19476380	94.250
7020	46.78630910	19.19921114	94.580
7021	46.78909187	19.20365897	94.540
7022	46.79158581	19.20865651	94.580
7023	46.79214340	19.21503697	94.540
7024	46.79436695	19.22004756	94.250
7025	46.79713950	19.22475909	94.380
7026	46.80131231	19.22559811	94.550
7027	46.80492098	19.22475843	95.010
7028	46.80853036	19.22921191	95.920
7029	46.81214273	19.23171365	95.350
7030	46.81686336	19.23309260	95.240
7031	46.79658962	19.14225843	94.200
7032	46.79297706	19.14836904	94.220
7033	46.78908632	19.15337810	94.480
7034	46.78519616	19.15754826	94.740
7035	46.78214192	19.16226961	95.010
7036	46.77797286	19.16614989	95.040
7037	46.77436749	19.16420412	94.090
7038	46.77242168	19.15782348	93.720
7039	46.76908683	19.15504109	93.780
7040	46.76464387	19.15393260	93.480
7041	46.76186815	19.14948940	93.150
7042	46.75741736	19.14698091	94.100
7043	46.75602744	19.14170337	94.080
7044	46.75463833	19.13503867	93.870
7045	46.75408506	19.12893839	94.150
7046	46.73325057	19.15114962	95.080
7047	46.72936654	19.14865647	95.370
7048	46.72575376	19.14448969	94.480
7049	46.72297745	19.14032489	94.000
7050	46.71964388	19.13532247	94.530
7051	46.71797373	19.13116032	93.560
7052	46.71575564	19.12559812	94.830
7053	46.73964617	19.06893370	95.770
7054	46.74297526	19.06532319	96.660
7055	46.74686201	19.06143754	96.140
7056	46.75047870	19.05810098	96.120
7057	46.75324971	19.05421415	95.990
7058	46.75575072	19.04892637	96.060
7059	46.75741487	19.04392613	94.570
7060	46.76130994	19.04087569	94.770
7061	46.76575381	19.03921241	95.480
7062	46.76491751	19.04476334	95.610
7063	46.76353217	19.05115191	95.830
7064	46.76241630	19.05810310	96.610
7065	46.76130901	19.06504092	96.750
7066	46.76991866	19.03643604	95.520
7067	46.77408351	19.03420916	96.220
7068	46.77797791	19.02865599	95.800
7069	46.78075684	19.02449064	96.760
7070	46.78380529	19.01948658	96.060
7071	46.78714196	19.01643319	96.230
7072	46.79186416	19.01420370	95.820
7073	46.79574970	19.01198748	96.460
7074	46.79964466	19.01115953	95.310
7075	46.79547666	19.09393454	95.850
7076	46.79325684	19.08810388	95.800
7077	46.79130669	19.08198572	95.780
7078	46.78908647	19.07531778	95.740
7079	46.78520108	19.07142621	97.620
7080	46.77325266	19.20171466	93.780
7081	46.77492023	19.20587019	93.730
7082	46.77603067	19.20948744	93.780
7083	46.77853133	19.21587212	95.220
7084	46.61686890	19.23615426	97.300
7085	46.62020197	19.23338487	96.450
7086	46.62408374	19.23060394	96.600
7087	46.62741713	19.22754656	96.030
7088	46.62908745	19.22366069	96.280
7089	46.63214471	19.21865589	94.760
7090	46.63547858	19.21504880	94.050
7091	46.63964738	19.21254091	93.490
7092	46.64352903	19.20948317	93.960
7093	46.64769651	19.20782357	93.130
7094	46.65158665	19.20503940	92.960
7095	46.65630915	19.20532750	94.400
7096	46.65825348	19.21087296	93.180
7097	46.66186384	19.21503897	93.300
7098	46.66491711	19.21865496	93.950
7099	46.66075888	19.22003989	94.030
7100	46.65659078	19.22198638	94.070
7101	46.65325798	19.22477141	93.970
7102	46.64880697	19.22921141	94.120
7103	46.64908769	19.23365389	96.770
7104	46.64992365	19.23948310	95.990
7105	46.65547217	19.19893634	93.640
7106	46.65352974	19.19143195	93.210
7107	46.65575657	19.18754451	94.090
7108	46.65491729	19.18226419	93.440
7109	46.65547214	19.17698736	93.130
7110	46.65213866	19.17337373	93.040
7111	46.64992233	19.16810400	93.290
7112	46.64575137	19.16505117	92.930
7113	46.64353574	19.15865907	92.870
7114	46.65825438	19.17477286	93.380
7115	46.66214004	19.17531770	93.230
7116	46.66603185	19.17837158	94.380
7117	46.66908920	19.17948975	94.440
7118	46.67297352	19.18115898	94.510
7119	46.67547610	19.18726871	93.410
7120	46.67880776	19.19198270	94.410
7121	46.68297618	19.19643814	94.240
7122	46.68603154	19.19893027	94.430
7123	46.68880608	19.20282070	95.290
7124	46.68159135	19.30282111	102.300
7125	46.67909193	19.29810386	100.680
7126	46.67686941	19.29421173	100.080
7127	46.67603273	19.29003861	98.710
7128	46.67520279	19.28254595	98.400
7129	46.67047818	19.28337485	98.580
7130	46.66686179	19.28337214	98.280
7131	46.66270007	19.28170758	98.370
7132	46.65908651	19.28032002	98.390
7133	46.65464135	19.28087572	98.350
7134	46.65075778	19.28392894	98.790
7135	46.64770290	19.28643674	99.450
7136	46.64297649	19.28810084	100.200
7137	46.63881250	19.28754681	100.640
7138	46.63381132	19.28726342	100.740
7139	46.62964732	19.28670956	100.430
7140	46.62547782	19.28448438	99.820
7141	46.68131041	19.29143478	99.390
7142	46.68047711	19.28560136	98.030
7143	46.68436301	19.28143547	96.900
7144	46.68075060	19.27948531	97.190
7145	46.68103438	19.27254577	96.580
7146	46.68186491	19.26643186	96.320
7147	46.68353017	19.26115763	96.460
7148	46.68492530	19.25588204	95.810
7149	46.68603381	19.24976847	96.000
7150	46.68964560	19.24727193	96.120
7151	46.69380705	19.24421487	95.860
7152	46.69797649	19.24170652	95.920
7153	46.70130922	19.23920790	95.180
7154	46.70908957	19.23448820	95.540
7155	46.71353540	19.23337879	95.030
7156	46.71770233	19.23226823	96.110
7157	46.71769536	19.22532273	94.900
7158	46.72130702	19.22254837	94.560
7159	46.72463938	19.22588191	93.860
7160	46.72797931	19.23004009	94.900
7161	46.73075189	19.23448465	96.600
7162	46.67686076	19.18031901	93.510
7163	46.67881205	19.17309579	94.170
7164	46.68242303	19.16977094	93.010
7165	46.68436153	19.16560538	92.930
7166	46.68742187	19.16393874	92.980
7167	46.69214362	19.16504707	92.870
7168	46.69547707	19.16893744	93.180
7169	46.69881100	19.17226605	93.440
7170	46.70186533	19.17615669	93.300
7172	46.70770207	19.33503707	103.580
7173	46.70409305	19.33921547	105.040
7174	46.70130793	19.34477083	105.850
7175	46.69909225	19.34920430	105.890
7176	46.69631486	19.35504632	105.280
7178	46.80520325	19.35476418	101.820
7179	46.80825723	19.34976348	100.680
7180	46.81130955	19.34531253	100.390
7181	46.81575888	19.33976795	100.180
7182	46.81909038	19.33504210	99.790
7183	46.82269847	19.33115588	99.030
7184	46.82575768	19.32726629	98.880
7185	46.82908730	19.32310239	98.820
7186	46.83297585	19.31837714	98.710
7187	46.83547624	19.31475859	98.590
7188	46.83797904	19.31003852	98.240
7189	46.83992577	19.30448944	98.050
7191	46.84019825	19.28670059	97.780
7192	46.83630991	19.28337986	97.410
7193	46.83325587	19.28115121	96.680
7197	46.83880911	19.35254387	98.670
7199	46.83214084	19.36004317	99.950
7200	46.82936452	19.36532240	100.480
7201	46.82714884	19.36949038	101.150
7202	46.82381276	19.37531567	102.190
7203	46.82075593	19.37781326	102.980
7204	46.81798201	19.38198969	103.950
7205	46.81575590	19.38643121	107.140
7207	46.82825378	19.39754607	103.240
7208	46.83214458	19.39310155	103.020
7209	46.83492704	19.38921304	102.720
7210	46.83798171	19.38448683	102.760
7218	46.81214441	19.27115380	95.220
7219	46.80742233	19.27531371	94.910
7220	46.80325725	19.27976352	95.470
7221	46.80020195	19.28254068	96.710
7222	46.79630822	19.28615218	96.500
7223	46.79297649	19.28337368	97.180
7224	46.79853300	18.99782484	95.480
7225	46.79769363	18.99198327	95.900
7226	46.79714121	18.98504121	95.470
7227	46.79713730	18.97837365	95.510
7228	46.79797017	18.97254327	95.470
7229	46.79908061	18.96532370	96.000
7231	46.79325594	18.97198671	94.970
7232	46.78908313	18.97393108	94.710
7233	46.78491945	18.97615015	95.160
7234	46.78242198	18.98170611	94.090
7235	46.77880691	18.98393674	95.680
7236	46.77408544	18.98643023	95.280
7237	46.77019995	18.98782256	95.170
7238	46.76824929	18.99060033	93.920
7239	46.76547159	18.99476646	93.730
7240	46.76130648	18.99477063	93.460
7241	46.75686248	18.99476199	93.930
7242	46.75297503	18.99226597	94.490
7243	46.74908837	18.99143243	96.140
7244	46.74492255	18.99004968	96.110
7245	46.74074871	18.99060382	95.910
7246	46.73658443	18.99227006	95.950
7247	46.73324828	18.99504731	96.390
7248	46.73352891	18.99893292	95.340
7249	46.73463813	19.00560479	95.980
7250	46.73602784	19.01921149	96.050
7251	46.73741462	19.02532132	94.840
7252	46.73686683	19.03059466	96.520
7253	46.73797404	19.03588059	96.330
7254	46.73408763	19.03449461	96.540
7255	46.72992221	19.03227160	96.770
7256	46.72630555	19.03032347	95.860
7257	46.72297641	19.02671417	93.730
7533	46.63602663	19.01199152	94.660
7534	46.63547076	19.01837823	92.700
7535	46.63492335	19.02394204	93.250
7536	46.63408802	19.03087710	93.160
7537	46.63436774	19.03755053	93.940
7538	46.63547455	19.04142912	93.620
7539	46.63741790	19.04948717	94.550
7540	46.63936087	19.05476382	94.770
7541	46.64158301	19.05115911	95.600
7542	46.64492050	19.04532043	95.090
7543	46.64769992	19.03920680	95.010
7544	46.64992144	19.03449049	94.170
17181	46.77381514	19.39586980	103.330
17182	46.77742702	19.39142789	104.810
17183	46.78103136	19.38643532	103.630
17184	46.78491932	19.38281897	102.620
17185	46.78631027	19.37782465	102.790
17186	46.78908800	19.37226216	101.570
17187	46.79270049	19.36726727	100.850
17188	46.79630817	19.36393529	100.970
17189	46.79992248	19.36142821	102.320
17190	46.80187051	19.36615577	101.160
17191	46.80408935	19.37364965	103.050
17192	46.80631415	19.37893001	104.270
17193	46.80825983	19.38420906	103.660
17194	46.81131010	19.39004583	104.420
17195	46.81436350	19.39475637	105.660
17896	46.78853380	19.36781882	104.090
17897	46.78242353	19.37171124	103.260
17898	46.77853016	19.37420203	103.590
17899	46.77408712	19.37699026	102.460
17900	46.76992131	19.38031654	102.260
17901	46.76547809	19.38004035	102.300
17902	46.76131129	19.38060372	102.270
17903	46.75687059	19.38253971	102.140
17904	46.75297612	19.38226681	102.800
17905	46.74908902	19.38559313	103.860
17906	46.74520107	19.38615764	104.100
17907	46.73992042	19.38615064	104.050
17908	46.73519996	19.38532283	104.460
17909	46.73158843	19.38671322	104.080
17910	46.72658828	19.38615847	104.240
17911	46.72242479	19.38559599	104.440
17912	46.71797420	19.38477019	105.920
17913	46.71297978	19.38226703	106.240
17914	46.70964878	19.38003615	105.410
17915	46.70186765	19.37365929	106.450
17916	46.69825491	19.36920490	105.190
17917	46.69519893	19.36504203	105.300
17918	46.69186393	19.36087801	106.490
17919	46.68825891	19.35671296	106.670
17920	46.68492287	19.35282451	107.660
17921	46.68130854	19.34866049	105.520
17922	46.67770310	19.34448400	105.080
17923	46.67325366	19.34310033	105.200
17924	46.66936485	19.34059606	106.080
17925	46.66603107	19.33559925	104.810
17926	46.66270402	19.33142629	104.050
17927	46.65825649	19.32920789	103.480
17928	46.65464554	19.32699418	104.110
17929	46.65019929	19.32421475	103.640
17930	46.64742257	19.31921048	104.820
17931	46.64408852	19.31392966	104.780
17932	46.64130875	19.31004976	104.530
17933	46.63797952	19.30642884	103.890
17934	46.63408526	19.30198294	102.990
17935	46.63019859	19.29809925	102.180
17936	46.62687016	19.29393139	102.240
17937	46.62408974	19.29004070	102.430
17938	46.62186460	19.28726269	100.980
17939	46.61769767	19.28810590	102.090
17979	46.61436868	19.29254283	101.390
17996	46.65214197	19.33171044	104.090
17997	46.65436657	19.33782335	104.330
17998	46.65353291	19.34365868	105.060
17999	46.65464504	19.34838115	107.310
18000	46.65658986	19.35449345	107.930
18001	46.65881327	19.36059473	107.930
18002	46.66048167	19.36559568	107.930
18003	46.66353522	19.37060523	107.900
18004	46.66686426	19.37671472	106.900
18005	46.66908808	19.38226923	107.220
18006	46.67158969	19.38810040	108.450
18007	46.67408620	19.39254672	108.800
18117	46.74408918	19.39393714	105.080
18124	46.71242508	19.39032014	109.100
18125	46.71020252	19.39642664	108.960
18130	46.68964295	19.36698340	105.220
18131	46.68631007	19.37170896	105.940
18132	46.68325247	19.37448794	107.540
18133	46.67964442	19.37782528	108.360
18134	46.67575334	19.38254584	107.710
18205	46.62214689	19.39421263	111.000
18206	46.62103268	19.38782079	110.580
18220	46.66936720	19.39421543	108.780
18221	46.64991825	19.34643447	105.160
18222	46.64631251	19.34920994	106.190
18223	46.64325997	19.35366009	108.030
18224	46.63992092	19.35754645	109.040
18225	46.63631186	19.36143077	110.620
18226	46.63214488	19.36532434	109.930
18227	46.63409327	19.37614930	112.720
18228	46.62992579	19.38004157	113.400
18229	46.63019989	19.35948867	107.960
18230	46.62797719	19.35310339	107.720
18231	46.62658714	19.34809434	108.820
18232	46.62464268	19.34171148	107.880
18233	46.62241829	19.33560179	106.190
18234	46.62103715	19.33031957	105.340
18235	46.61909238	19.32365078	106.450
18236	46.61770100	19.31865638	102.670
18237	46.61797563	19.31282180	102.640
18238	46.61853136	19.30587876	101.740
18239	46.61770004	19.29949052	101.200
18240	46.61770200	19.29449018	100.040
18241	46.62630926	19.37698987	112.150
18242	46.62298085	19.38003799	111.950
18243	46.61853678	19.38310491	111.310
18244	46.61436422	19.38559860	111.640
18251	46.62159111	19.28032838	99.460
18252	46.62131447	19.27476507	98.940
18253	46.61908485	19.26949411	97.710
18254	46.61770115	19.26393974	97.750
18255	46.61686851	19.25699087	97.870
18256	46.61658371	19.25031843	97.610
18257	46.61464082	19.24504999	97.470
19135	46.61575248	18.99060257	94.140
19136	46.62047419	18.99365790	93.690
19137	46.62408559	18.99643541	93.570
19138	46.62825275	18.99893595	93.300
19139	46.63297412	19.00171324	93.500
19140	46.63741898	19.00615777	93.890
19141	46.63436356	19.00754712	93.680
19142	46.63158576	19.01338010	93.350
19143	46.62741957	19.01587952	93.300
19144	46.62380777	19.01949202	93.770
19145	46.62047473	19.02310260	93.150
19146	46.61853006	19.02893558	92.980
19147	46.61991906	19.03532479	93.450
19148	46.61936360	19.04060219	93.610
19149	46.61575279	19.04365764	93.470
19178	46.64158552	19.00282512	95.380
19179	46.64325267	18.99699157	95.800
19180	46.64352998	18.99004627	95.370
19181	46.64269633	18.98393558	93.590
19182	46.64103006	18.97754666	94.090
19183	46.64047443	18.97115785	94.010
19184	46.63991823	18.96449228	93.770
19222	46.62186372	19.04282407	94.110
19223	46.62519686	19.04671355	94.770
19224	46.62741975	19.05115843	94.060
19225	46.62880847	19.05671222	94.260
19226	46.62964186	19.06226877	94.950
19227	46.63075276	19.06893559	95.230
19228	46.63158619	19.07560125	95.460
19229	46.63297510	19.08254693	95.380
19230	46.63408651	19.08949014	95.040
19231	46.63491964	19.09615653	94.820
19232	46.63575354	19.10226807	94.430
19233	46.63686479	19.10893517	94.830
19234	46.63575314	19.11643432	93.530
19235	46.63436466	19.12282400	93.120
19236	46.63242057	19.12948938	93.680
19237	46.63186480	19.13532336	94.080
19238	46.63464243	19.14032321	92.950
19239	46.63547599	19.14615723	93.020
19240	46.63464229	19.15198953	93.430
19241	46.63242021	19.15782275	93.310
19242	46.63019845	19.16393364	93.230
19243	46.62742100	19.16949042	92.970
19244	46.62519861	19.17560027	92.640
19245	46.62297622	19.18143411	93.380
19246	46.62047622	19.18671185	93.180
19247	46.61825396	19.19198985	92.060
19250	46.61464065	18.96726936	92.500
19290	46.61547597	19.13643537	93.970
19291	46.62019774	19.13671203	94.030
19292	46.62353122	19.13254574	94.680
19293	46.62936464	19.12560118	93.200
38068	46.83964132	19.23837554	95.530
38070	46.83381206	19.24365067	96.530
38071	46.83547515	19.24949011	95.780
38072	46.83769570	19.25531895	95.180
38073	46.83992235	19.26253794	95.180
38176	46.83158514	19.23586966	96.100
38177	46.82936403	19.22976704	95.110
38179	46.82603469	19.21865466	95.110
38180	46.82408993	19.21365513	95.120
38181	46.82242462	19.20809326	95.100
38182	46.82048015	19.20254404	95.050
38183	46.81853650	19.19615653	95.080
38184	46.81713916	19.19143516	95.090
38185	46.81492535	19.18475949	95.060
38186	46.81325766	19.18003807	95.100
38187	46.81131304	19.17337708	95.070
38188	46.80908859	19.16726626	95.150
38189	46.80714187	19.16198193	95.350
38190	46.80547402	19.15643652	95.460
38191	46.80325692	19.15115243	95.440
38192	46.80103080	19.14559365	95.400
38193	46.79936327	19.13864770	95.430
38194	46.79936794	19.13254316	95.410
38195	46.79908461	19.12615001	95.390
38196	46.79880991	19.11977004	95.380
38197	46.79853454	19.11392722	95.330
38198	46.79825087	19.10615881	95.380
38199	46.79825442	19.09865274	95.350
38200	46.79853538	19.09364893	95.380
38201	46.79852911	19.08615591	95.380
38202	46.79825201	19.08032639	95.330
38203	46.79825386	19.07282032	95.370
38204	46.79825513	19.06587754	95.320
38205	46.79797705	19.05948487	95.680
38206	46.79797747	19.05338049	96.290
38207	46.79769869	19.04726302	96.970
38208	46.79825612	19.04004512	97.020
38209	46.79936181	19.03253872	96.610
38210	46.80019762	19.02754734	96.640
38228	46.83769575	19.00670207	96.200
38229	46.83353116	19.00809479	95.870
38230	46.82964513	19.00864823	96.120
38231	46.82492219	19.00837652	96.110
38232	46.82047792	19.00754112	96.170
38233	46.81575487	19.00698127	95.820
38234	46.81158967	19.00670934	95.850
38235	46.80714549	19.00614943	96.030
38236	46.80436723	19.01031777	95.980
38237	46.80213790	19.01559888	96.980
38278	46.82158734	18.96392583	105.830
38279	46.81825229	18.96725963	101.210
38280	46.81519733	18.97254507	102.580
38281	46.81408542	18.97810251	108.880
38282	46.81269467	18.98421040	114.890
38283	46.80991779	18.98948092	107.470
38284	46.80630366	18.99392633	97.390
38285	46.80352585	18.99809524	97.230
38286	46.80158428	19.00171278	98.070
38287	46.80380571	19.03198715	96.340
38288	46.80658606	19.03699112	97.080
38289	46.80991484	19.04031842	96.060
38290	46.81297367	19.04448477	97.080
38291	46.81659009	19.04865159	97.430
38292	46.81241574	19.05615963	96.220
38293	46.81297281	19.06309130	95.600
38294	46.81325069	19.06948577	94.870
38295	46.82047627	19.05170507	97.350
38296	46.82408353	19.05420851	97.190
38297	46.82824863	19.05420894	95.420
38298	46.83214396	19.05115522	96.680
38299	46.83547246	19.04753738	95.290
38317	46.84047802	19.08281607	94.970
38320	46.83742142	19.10115384	94.930
38321	46.83519716	19.10587077	94.940
38322	46.83075483	19.10253670	94.590
38323	46.82769907	19.09615062	95.630
38324	46.82547906	19.09115517	95.120
38325	46.82242240	19.08559601	95.290
38326	46.81853485	19.08948538	95.270
38327	46.81491973	19.08587911	95.380
38328	46.81408518	19.07893370	96.020
38329	46.80853309	19.08448585	95.440
38330	46.80158509	19.12670385	95.000
38331	46.80463943	19.11948955	95.120
38332	46.80825330	19.12337253	95.010
38333	46.81186723	19.12698088	94.560
38334	46.81631062	19.12781292	95.020
38335	46.82075302	19.13004735	94.580
38336	46.82464197	19.12614766	95.690
38337	46.82908780	19.12337537	94.750
38338	46.83409060	19.12170448	96.420
38339	46.83686342	19.11837857	94.440
38340	46.83658829	19.11198103	94.940
38369	46.83908883	19.14976580	95.280
38370	46.83603361	19.14587982	95.460
38371	46.83214097	19.14281862	95.350
38372	46.82797858	19.13948217	95.870
38373	46.82408618	19.13587144	96.130
38375	46.84020114	19.19421034	94.290
38376	46.83714709	19.19059704	94.980
38377	46.83492290	19.18504622	95.450
38378	46.83103356	19.18004232	94.080
38379	46.82770268	19.17420163	94.260
38380	46.82547942	19.16698797	94.060
38381	46.82242452	19.16337721	94.030
38382	46.82075365	19.16976893	94.340
38383	46.81630578	19.17337559	94.890
38671	46.82908459	19.06198156	96.640
38672	46.83242141	19.06671436	96.800
38673	46.83520012	19.07226025	96.010
38674	46.83630503	19.07893317	95.480
38675	46.83992098	19.16392595	94.000
38676	46.83658873	19.15864897	94.970
38677	46.83408282	19.15448848	94.780
38678	46.82992463	19.15670852	95.090
38679	46.82492105	19.15865124	95.890
38680	46.82269581	19.15253948	96.340
38681	46.82020060	19.14615252	96.530
38682	46.82075420	19.14032176	95.920
0	46.61980547	19.28680965	101.970
1	46.62427842	19.28588931	101.070
2	46.61621601	19.29107594	100.570
3	46.61682260	19.28063424	100.960
4	46.63357956	19.29050117	101.370
5	46.62747650	19.30451123	102.440
6	46.61604738	19.30634994	102.530
10	46.62431519	19.26760920	97.570
11	46.63104753	19.27508020	98.100
12	46.64268737	19.30112217	103.800
13	46.62784002	19.32220684	105.150
18	46.63055402	19.25059278	96.960
18	46.81000523	19.32379092	100.410
19	46.64203071	19.27101200	97.500
20	46.65661948	19.28570531	99.980
21	46.64460980	19.32542705	102.960
22	46.61883930	19.34207157	109.200
24	46.76170075	19.35731760	97.950
25	46.77493564	19.31765340	100.810
26	46.62167942	19.23208427	96.450
27	46.64728948	19.24895742	96.940
28	46.67281270	19.28551531	98.660
29	46.65675876	19.34162513	105.500
30	46.61698776	19.36164489	112.750
32	46.74825689	19.35540808	98.100
33	46.76210337	19.30377825	99.520
34	46.62108093	19.21164876	94.670
35	46.65846913	19.23449622	95.610
1600	46.83891532	19.33588607	98.500
1601	46.83441831	19.33586329	98.930
1602	46.82992039	19.33583920	101.100
1603	46.82542338	19.33581512	98.830
1604	46.82092546	19.33579104	99.450
1605	46.81642845	19.33576696	99.810
1606	46.81193053	19.33574420	99.450
1607	46.80743350	19.33572013	99.190
1652	46.83889860	19.34244079	98.710
1653	46.83440159	19.34241615	99.420
1654	46.82990368	19.34239151	100.000
1655	46.82540666	19.34236819	100.990
1656	46.82090875	19.34234356	99.740
1657	46.81641173	19.34231894	100.430
1658	46.81191381	19.34229431	101.540
1659	46.80741679	19.34226970	100.500
1660	46.80291887	19.34224639	99.040
1661	46.79842185	19.34222179	98.490
1704	46.83888240	19.34899551	99.270
1705	46.83438449	19.34897032	99.430
1706	46.82988748	19.34894513	99.510
1707	46.82538957	19.34891995	100.570
1708	46.82089255	19.34889477	100.890
1709	46.81639464	19.34887091	100.400
1710	46.81189762	19.34884574	101.280
1711	46.80739970	19.34882057	101.090
1712	46.80290268	19.34879541	100.420
1713	46.79840476	19.34877025	99.440
1714	46.79390684	19.34874640	99.230
1715	46.78940981	19.34872126	98.780
1716	46.78491189	19.34869611	98.540
1756	46.83886492	19.35554891	100.350
1757	46.83436702	19.35552317	100.670
1758	46.82987000	19.35549875	99.440
1759	46.82537209	19.35547301	101.320
1760	46.82087508	19.35544729	101.300
1761	46.81637717	19.35542156	100.860
1762	46.81188015	19.35539584	100.380
1763	46.80738223	19.35537144	100.450
1764	46.80288522	19.35534573	103.110
1765	46.79838730	19.35532002	101.200
1766	46.79389028	19.35529432	100.240
1767	46.78939236	19.35526862	99.900
1768	46.78489533	19.35524293	98.910
1808	46.83884707	19.36210231	101.640
1809	46.83435006	19.36207733	101.090
1810	46.82985215	19.36205104	101.390
1811	46.82535515	19.36202477	101.140
1812	46.82085723	19.36199980	101.290
1813	46.81636022	19.36197353	101.590
1814	46.81186231	19.36194726	102.080
1815	46.80736529	19.36192099	101.310
1816	46.80286738	19.36189473	101.100
1817	46.79836946	19.36186978	102.310
1818	46.79387244	19.36184354	101.120
1819	46.78937452	19.36181729	100.000
1820	46.78487749	19.36179105	100.550
1860	46.83882884	19.36865701	102.130
1861	46.83433183	19.36863018	102.910
1862	46.82983393	19.36860334	101.780
1863	46.82533692	19.36857782	102.420
1864	46.82083901	19.36855099	102.680
1865	46.81634200	19.36852417	103.700
1866	46.81184408	19.36849866	103.900
1867	46.80734707	19.36847185	103.790
1868	46.80284916	19.36844504	101.540
1869	46.79835214	19.36841824	100.610
1870	46.79385422	19.36839144	100.170
1871	46.78935720	19.36836595	104.180
1872	46.78485928	19.36833916	103.390
1912	46.83881113	19.37521172	102.110
1913	46.83431323	19.37518433	103.370
1914	46.82981622	19.37515694	103.930
1915	46.82531832	19.37512956	102.890
1916	46.82082131	19.37510219	103.690
1917	46.81632340	19.37507612	103.860
1918	46.81182639	19.37504876	103.450
1919	46.80732848	19.37502140	103.190
1920	46.80283056	19.37499535	103.850
1921	46.79833354	19.37496800	100.940
1922	46.79383563	19.37494064	101.090
1923	46.78933861	19.37491330	100.680
1924	46.78484069	19.37488596	103.750
1964	46.83879214	19.38176510	103.540
1965	46.83429424	19.38173716	102.300
1966	46.82979724	19.38171054	104.320
1967	46.82529933	19.38168261	103.820
1968	46.82080233	19.38165468	105.500
1969	46.81630442	19.38162676	105.200
1970	46.81180741	19.38159885	104.050
1971	46.80730950	19.38157225	105.030
1972	46.80281249	19.38154434	103.050
1973	46.79831458	19.38151644	103.060
1974	46.79381756	19.38148985	101.670
1975	46.78931964	19.38146196	102.750
1976	46.78482262	19.38143407	102.210
2016	46.83877278	19.38831848	104.500
2017	46.83427578	19.38829131	103.480
2018	46.82977788	19.38826282	103.470
2019	46.82527998	19.38823434	102.980
2020	46.82078297	19.38820718	105.980
2021	46.81628597	19.38817871	106.930
2022	46.81178806	19.38815024	104.500
2023	46.80729015	19.38812178	104.350
2024	46.80279314	19.38809333	104.210
2025	46.79829523	19.38806487	102.890
2026	46.79379821	19.38803774	103.340
2027	46.78930030	19.38800930	103.650
2028	46.78480328	19.38798217	102.940
2068	46.83875304	19.39487316	104.080
2069	46.83425605	19.39484413	104.630
2070	46.82975815	19.39481509	104.930
2071	46.82526114	19.39478738	103.170
2072	46.82076324	19.39475835	103.610
2073	46.81626624	19.39472934	106.020
2074	46.81176833	19.39470163	105.730
2075	46.80727132	19.39467263	104.610
2076	46.80277341	19.39464362	105.310
2077	46.79827640	19.39461462	103.250
2078	46.79377849	19.39458562	101.520
2079	46.78928148	19.39455664	103.280
2080	46.78478356	19.39452896	103.370
29063	46.73436408	18.96559404	96.410
29064	46.73797404	18.96921299	97.380
29065	46.74269768	18.97031833	100.650
29066	46.74797655	18.96782404	114.280
29067	46.75241895	18.96560542	121.340
29412	46.73992276	18.96448629	98.480
33539	46.65852813	18.96560644	94.070
33540	46.66213848	18.96976908	94.890
33541	46.66492069	18.97338461	94.530
33542	46.66936721	18.97727273	94.220
33543	46.67436032	18.97782809	96.620
33544	46.67741553	18.97254372	93.450
33545	46.68075017	18.96838244	93.890
33546	46.68324824	18.96449645	94.420
33558	46.68102545	18.97643380	93.790
33559	46.68436552	18.98059924	94.370
33560	46.68825482	18.98587575	94.040
33561	46.69242203	18.98976689	94.770
33562	46.69713745	18.99282128	93.930
33563	46.70519728	18.99171446	94.750
33564	46.70297175	18.98504785	94.680
33565	46.70325500	18.97726702	94.970
33566	46.70325081	18.97087264	94.120
33567	46.70102548	18.96615545	95.010
901	46.62658583	19.05087895	93.550
902	46.62269689	19.04893591	93.580
903	46.61964177	19.04393539	93.290
904	46.61658570	19.04143554	92.540
1001	46.62936339	18.99810179	94.310
1002	46.63103029	18.99226942	93.150
1003	46.63575173	18.99115830	93.470
1004	46.63880727	18.98699125	94.010
1005	46.64241836	18.98393591	93.800
1006	46.64602969	18.98782422	94.000
1007	46.65047445	18.98754617	93.790
1008	46.65408524	18.98393627	94.180
1009	46.65714046	18.98115754	95.970
1112	46.61880871	19.10226814	92.390
1113	46.61491955	19.09226804	92.660
1114	46.62408677	19.09143460	93.060
1115	46.62853109	19.08810174	93.830
1116	46.63269769	19.08060091	94.560
1117	46.63353073	19.07337950	92.710
1118	46.63797492	19.07254567	92.710
1119	46.63908587	19.06199037	92.750
1120	46.64658570	19.04976817	95.370
1122	46.66269739	19.05337884	93.110
1201	46.66603081	19.08810055	91.990
1202	46.66269728	19.09198933	91.530
1203	46.65908654	19.09587870	91.210
1204	46.65575352	19.10199015	91.280
1205	46.65325363	19.10726826	94.450
1206	46.65075318	19.11310109	93.370
1209	46.64103156	19.12421248	92.790
1210	46.63714244	19.12171248	92.450
1211	46.63130891	19.12115607	91.980
1212	46.62797536	19.12198991	91.840
1213	46.62408655	19.12449029	92.450
1214	46.62130920	19.12754553	92.090
1215	46.61797582	19.13060222	92.460
1301	46.64992079	19.20226640	92.080
1302	46.65658715	19.19865594	92.510
1303	46.65436526	19.19087892	92.140
1304	46.65742106	19.18587775	92.160
1305	46.65547659	19.18171163	92.810
1307	46.65714306	19.16671160	92.010
1308	46.66492006	19.16143387	92.400
1309	46.66269857	19.15532187	92.440
1310	46.66630954	19.15143362	92.390
1311	46.67130920	19.14976646	92.430
1312	46.67436505	19.14782225	92.320
1313	46.67408728	19.13782236	92.450
1314	46.67630893	19.13115516	92.510
1315	46.67853143	19.12532262	92.500
1316	46.67769808	19.12032206	93.940
1317	46.67936439	19.11393404	93.780
1318	46.68158639	19.10559993	94.940
1319	46.68436404	19.10060027	93.450
1320	46.68686407	19.09421156	93.060
1402	46.69825311	19.11254487	95.320
1403	46.69603075	19.11921033	95.280
1404	46.69436471	19.12476733	94.590
1405	46.69242001	19.13087790	92.690
1406	46.69103184	19.13698894	94.080
1407	46.68992018	19.14337730	92.380
1408	46.68825361	19.14921138	92.470
1409	46.68547625	19.15448863	92.260
1410	46.68464268	19.15976675	92.450
1411	46.68325352	19.16532193	92.330
1412	46.68158735	19.18254354	92.500
1413	46.67630989	19.18365572	92.920
1414	46.67603153	19.19060035	93.120
1415	46.67242084	19.19532179	93.350
1416	46.66825408	19.19587757	93.740
1417	46.66408786	19.19671029	92.600
1504	46.70603146	19.17198843	92.560
1505	46.70992034	19.16698845	92.440
1506	46.71158754	19.15587670	92.200
1507	46.71380915	19.15143296	92.650
1508	46.71658708	19.14532090	93.170
1509	46.71853165	19.14143304	92.580
1510	46.72186434	19.13615408	93.050
1511	46.72630913	19.13393214	92.830
1512	46.72880946	19.12976535	93.090
1513	46.72992035	19.12337601	93.710
1514	46.73047571	19.11865379	94.370
1515	46.73158659	19.11115455	95.140
1516	46.72908627	19.10309921	94.290
1517	46.73047512	19.09948838	94.840
1518	46.73158632	19.09254348	94.630
1601	46.77853075	19.05754289	94.720
1602	46.77908614	19.04698716	94.520
1603	46.77603008	19.04254309	95.100
1604	46.77269677	19.03809827	94.570
1605	46.77047445	19.03504283	94.850
1606	46.76686370	19.03698790	94.630
1607	46.76241904	19.03948790	94.660
1608	46.75797503	19.03920984	94.210
1609	46.75241896	19.03726587	94.640
1610	46.74630757	19.03337641	94.130
1611	46.74186397	19.03671063	96.520
1612	46.74047437	19.03171096	95.680
1613	46.73825215	19.02532226	93.430
1614	46.73575256	19.01921164	95.840
1615	46.72936347	19.01532299	97.350
1616	46.72686341	19.01504458	95.630
1617	46.72575205	19.00837872	93.650
